RESUMEN GLOBAL DEL BATCH PARALELO (9 INSTANCIAS)
Fecha       : 20260822_140645
Instancias  : 9
Runs/inst   : 31
Iters/run   : 1000

#   Instancia              N   M    Media    Std    Mejor   Optimo  GapMed%  GapMej% Sw(med) Tiempo(s)
----------------------------------------------------------------------------------------------------
1   mknapcb1_inst00      100   5  24014.4  148.7  24253.0  24381.0     1.50     0.52    16.6     38.83
2   mknapcb2_inst00      250   5  57879.1  204.9  58252.0  59312.0     2.42     1.79    16.3    156.55
3   mknapcb3_inst00      500   5 116168.0  706.4 117793.0 120130.0     3.30     1.95    15.4    533.84
4   mknapcb4_inst00      100  10  22682.9  184.8  23055.0  23064.0     1.65     0.04    16.9     40.32
5   mknapcb5_inst00      250  10  57771.3  294.3  58232.0  59187.0     2.39     1.61    16.2    167.12
6   mknapcb6_inst00      500  10 113874.4  539.8 115029.0 117726.0     3.27     2.29    16.4    626.63
7   mknapcb7_inst00      100  30  21608.9  150.2  21772.0  21946.0     1.54     0.79    17.0     40.18
8   mknapcb8_inst00      250  30  55207.1  238.7  55572.0  56693.0     2.62     1.98    16.7    163.38
9   mknapcb9_inst00      500  30 112591.9  422.0 113312.0 115868.0     2.83     2.21    16.3    541.04
