RESUMEN GLOBAL DEL BATCH PARALELO (9 INSTANCIAS)
Fecha       : 20260824_230641
Instancias  : 9
Runs/inst   : 31
Iters/run   : 1000

#   Instancia              N   M    Media    Std    Mejor   Optimo  GapMed%  GapMej% Sw(med) Tiempo(s)
----------------------------------------------------------------------------------------------------
1   mknapcb1_inst00      100   5  24040.6  122.9  24266.0  24381.0     1.40     0.47     8.0     45.81
2   mknapcb2_inst00      250   5  57958.8  323.3  58828.0  59312.0     2.28     0.82     7.8    210.22
3   mknapcb3_inst00      500   5 116596.2  732.9 117666.0 120130.0     2.94     2.05     6.9    682.37
4   mknapcb4_inst00      100  10  22699.6  146.2  23025.0  23064.0     1.58     0.17     8.4     47.07
5   mknapcb5_inst00      250  10  57902.4  372.9  58361.0  59187.0     2.17     1.40     7.5    210.45
6   mknapcb6_inst00      500  10 114337.6  503.1 115100.0 117726.0     2.88     2.23     6.8    678.31
7   mknapcb7_inst00      100  30  21582.5  147.6  21772.0  21946.0     1.66     0.79     9.3     53.12
8   mknapcb8_inst00      250  30  55244.7  271.9  55988.0  56693.0     2.55     1.24     8.3    186.76
9   mknapcb9_inst00      500  30 112773.1  476.9 113547.0 115868.0     2.67     2.00     7.6    648.34
