RESUMEN GLOBAL DEL BATCH PARALELO (9 INSTANCIAS)
Fecha       : 20260826_142731
Instancias  : 9
Runs/inst   : 31
Iters/run   : 3000

#   Instancia              N   M    Media    Std    Mejor   Optimo  GapMed%  GapMej% Sw(med) Tiempo(s)
----------------------------------------------------------------------------------------------------
1   mknapcb1_inst00      100   5  24131.0   88.4  24266.0  24381.0     1.03     0.47    27.2    108.36
2   mknapcb2_inst00      250   5  58195.4  240.5  58828.0  59312.0     1.88     0.82    27.0    436.70
3   mknapcb3_inst00      500   5 117205.5  455.2 118071.0 120130.0     2.43     1.71    26.0   1458.09
4   mknapcb4_inst00      100  10  22795.2  108.5  23055.0  23064.0     1.17     0.04    27.5    111.12
5   mknapcb5_inst00      250  10  58058.1  201.4  58421.0  59187.0     1.91     1.29    27.2    460.11
6   mknapcb6_inst00      500  10 114697.1  414.9 115240.0 117726.0     2.57     2.11    26.3   1469.12
7   mknapcb7_inst00      100  30  21678.1   70.9  21772.0  21946.0     1.22     0.79    27.6    118.92
8   mknapcb8_inst00      250  30  55388.7  200.4  55813.0  56693.0     2.30     1.55    27.3    443.91
9   mknapcb9_inst00      500  30 113115.9  378.8 113978.0 115868.0     2.38     1.63    26.5   1533.54
