RESUMEN GLOBAL DEL BATCH PARALELO (9 INSTANCIAS)
Fecha       : 20260828_093911
Instancias  : 9
Runs/inst   : 31
Iters/run   : 3000

#   Instancia              N   M    Media    Std    Mejor   Optimo  GapMed%  GapMej% Sw(med) Tiempo(s)
----------------------------------------------------------------------------------------------------
1   mknapcb1_inst00      100   5  24142.8  100.9  24276.0  24381.0     0.98     0.43    27.2    107.48
2   mknapcb2_inst00      250   5  58168.4  247.1  58849.0  59312.0     1.93     0.78    26.9    470.79
3   mknapcb3_inst00      500   5 117370.0  382.6 118015.0 120130.0     2.30     1.76    24.0   1742.91
4   mknapcb4_inst00      100  10  22822.0  130.3  23030.0  23064.0     1.05     0.15    27.7    112.86
5   mknapcb5_inst00      250  10  58150.3  186.4  58425.0  59187.0     1.75     1.29    26.8    487.25
6   mknapcb6_inst00      500  10 114760.6  427.7 115701.0 117726.0     2.52     1.72    25.1   1637.69
7   mknapcb7_inst00      100  30  21691.9   71.3  21772.0  21946.0     1.16     0.79    28.9    119.39
8   mknapcb8_inst00      250  30  55451.1  240.8  55988.0  56693.0     2.19     1.24    27.5    470.81
9   mknapcb9_inst00      500  30 113115.1  426.3 113974.0 115868.0     2.38     1.63    26.1   1655.78
